0.801072314081 0.52648432306
0.962689163109 0.111128319459
0.781765800983 0.328382956475
0.117341712794 0.634683664805
0.852227142534 0.672662660224
0.795062030555 0.80101336173
0.93203556443 0.575018799552
0.00862999153159 0.859680908031
0.403040622065 0.941704044861
0.178494109463 0.0411829028886
0.186161693372 0.249693674528
0.321422908143 0.69992129242
0.294817973982 0.258836841824
0.634229153177 0.911604119576
0.29265284076 0.0441254578409
0.0203696305456 0.371793534194
0.18320232774 0.949304199163
0.301787086588 0.16461219355
0.29380293059 0.478760216573
0.586170898006 0.254988738345
0.122673810265 0.448152607052
0.220392576626 0.631781615125
0.634365210944 0.666762347062
0.173581691024 0.53977375742
0.482860009452 0.349375333019
0.344776861698 0.363586040247
0.310067115644 0.922151524177
0.348889885815 0.574003259532
0.515666668053 0.846249000665
0.0741859216629 0.757565833185
0.334785363926 0.81309603507
0.400890862163 0.120997847599
0.528145111459 0.958550025637
0.447081557638 0.471226458285
0.565983266909 0.513922091458
0.694935445397 0.390422452666
0.592922509794 0.353739243715
0.65742146094 0.79491459051
0.428770043246 0.75324571816
0.736799033569 0.895476386058
0.480380917934 0.166859819427
0.00747377429521 0.000724383928616
0.0880627274981 0.105398865159
0.22846509559 0.362982396434
0.849195096414 0.446877579811
0.683912312057 0.519668619028
0.756772801815 0.123579210753
0.644428636023 0.178806195167
0.859119671665 0.886454771257
0.870671233456 0.261319183991
0.550187940895 0.0567837661721
0.683013785193 0.289983934241
0.992724125119 0.686093727076
0.816943399956 0.997817106106
0.723597676601 0.702163001387
0.707005420979 0.608142890126
0.864830167218 0.0777579617694
0.172216429904 0.145354660043
0.947035855112 0.93142189409
0.014564388714 0.258085904311
0.0757338851336 0.541217056171
0.0934910557258 0.90343504791
0.663762576062 0.063976894006
0.949281478826 0.774869354908
