0.106362931569 0.077797780961
0.0355884908598 0.193837271867
0.100341236571 0.29467141766
0.0492335917258 0.417923830456
0.992035239475 0.565009295502
0.0289397624018 0.695301294962
0.0856253810489 0.813103993986
0.0321125195251 0.969204084438
0.2328098676 0.060679607041
0.157445265355 0.18938445135
0.216442445581 0.346142676082
0.18018964282 0.479213635032
0.108617371988 0.602855935329
0.162095796953 0.710563652006
0.207957347946 0.822442425961
0.151704204969 0.930003998626
0.344773903601 0.11253157644
0.270808017689 0.239230990876
0.356976762803 0.340705958552
0.302777971832 0.458382486163
0.247805463247 0.593608149675
0.287661132027 0.708366014466
0.334418797311 0.851734080097
0.318773138804 0.972242982666
0.467468588246 0.0708102965253
0.391137931963 0.223564407756
0.481892868967 0.329538420487
0.436456393148 0.457578305258
0.371977605193 0.561216664747
0.417604450994 0.674600492266
0.44735406129 0.794738719889
0.433733489182 0.928349213868
0.588933692696 0.0778191843371
0.516854373658 0.212842524716
0.610867239871 0.319528564713
0.554566350628 0.43162702018
0.507026886782 0.586882477863
0.538389498852 0.705393458725
0.565915487187 0.824829286628
0.551535573958 0.964120420154
0.72453295551 0.0846208363487
0.658792290115 0.195116966252
0.73365652147 0.31748556574
0.680053338323 0.430896777015
0.620100904462 0.541545383443
0.658656334639 0.655077265798
0.7224575922 0.799120571881
0.65963678139 0.907042094595
0.854982437786 0.0808484935596
0.787288673386 0.203084115872
0.857581529634 0.325385744104
0.802737339296 0.441366776223
0.738668578888 0.561047371052
0.787425817854 0.674643500802
0.848000295985 0.794939996991
0.785952747101 0.928763160485
0.979412206994 0.0789290035798
0.912577488976 0.19324942961
0.98147586508 0.317966474359
0.92191479706 0.430024721576
0.858639717952 0.554221194468
0.906962264847 0.680750647041
0.964047640423 0.849475989101
0.902336367662 0.963426508389
