0.5 0.151934640729
0.25 0.128409402008
0.15 0.103308726368
0.69 0.387009683682
0.1 0.0934482940551
0.04 0.0565218011137
0.63 0.103428831171
0.43 0.110505181307
0.36 0.124095400765
0.57 0.15414043586
0.18 0.117434156667
0.12 0.0943147780534
0.51 0.109724874829
0.48 0.109795368556
0.35 0.125243865901
0.7 0.581092988576
0.42 0.116169290198
0.13 0.0856062038845
0.64 0.192576434666
0.47 0.119036086218
0.34 0.102727988131
0.58 0.148384501575
0.07 0.0634768117198
0.24 0.124059973398
0.52 0.13650816979
0.46 0.105163696805
0.33 0.103045859315
0.22 0.107427394212
0.71 0.635589477978
0.02 0.0349882885576
0.01 0.0214967754132
0.65 0.343526237752
0.32 0.132493096703
0.59 0.120594074357
0.09 0.0717396952494
0.53 0.143240633356
0.31 0.118718870266
0.17 0.115474477035
0.72 0.587914794861
0.14 0.0861313764132
0.66 0.301797306663
0.3 0.116669645472
0.6 0.193236955125
0.44 0.110352083364
0.03 0.0474588186084
0.54 0.105251181113
0.29 0.112011503454
0.49 0.103518435065
0.23 0.0900404640687
0.41 0.118596777359
0.67 0.315228515141
0.28 0.121885677055
0.61 0.290503312869
0.16 0.114769568502
0.4 0.0984852664912
0.55 0.114365712753
0.27 0.106135662331
0.05 0.0521472352573
0.45 0.10336763468
0.37 0.113070780312
0.19 0.113879160898
0.39 0.123326055219
0.68 0.369946505006
0.26 0.104461130014
0.08 0.0727297955218
0.21 0.129328479498
0.62 0.218674962015
0.11 0.0858268438224
0.38 0.129877538767
0.56 0.0959414580861
0.2 0.108447509138
0.06 0.0735084393175
